Weigths in Iteration 100 :
[[  62.67669446]
 [ -29.52726024]
 [  91.56367706]
 [ -83.14789169]
 [ 209.73726453]
 [  -7.06841636]
 [ -54.06541086]
 [ -11.3178229 ]
 [  45.20461657]
 [ -57.89904148]
 [ -77.40845608]
 [ 176.71414354]
 [-143.05799716]
 [ -56.29751396]
 [-183.54485051]
 [  31.54263757]
 [-111.29843672]
 [ -85.48025121]
 [ -51.818996  ]
 [  61.45220872]
 [  35.88482429]
 [  40.37736191]
 [  31.12360071]
 [  38.49014071]
 [  -6.09339962]
 [  34.71180121]
 [  14.01305371]
 [  62.48582538]
 [  49.09517586]
 [  23.9796519 ]]
Weigths in Iteration 200 :
[[  85.55129972]
 [ -12.30373011]
 [  98.45858229]
 [ -76.617665  ]
 [ 228.04763469]
 [  11.11638905]
 [ -49.95412406]
 [   4.1299347 ]
 [  53.80427323]
 [ -43.50505574]
 [ -73.22017348]
 [ 174.91209918]
 [-138.71113775]
 [ -65.67293269]
 [-201.45838397]
 [  25.96749417]
 [-105.85464856]
 [ -76.38589058]
 [ -38.1733663 ]
 [  54.60435619]
 [  39.59575461]
 [  55.32817674]
 [  38.88342659]
 [  47.70731119]
 [ -12.31994436]
 [  37.73236175]
 [  10.81677275]
 [  76.20514214]
 [  53.99124119]
 [  38.8734372 ]]
Weigths in Iteration 300 :
[[ 106.99280566]
 [   0.48670617]
 [ 107.91275305]
 [ -71.37124205]
 [ 249.68630994]
 [  31.13448313]
 [ -49.41159548]
 [  18.46654364]
 [  59.45961883]
 [ -30.71625249]
 [ -69.41685248]
 [ 175.55655276]
 [-137.48810036]
 [ -69.80355943]
 [-224.11545262]
 [  29.32563422]
 [ -97.98107008]
 [ -59.14617905]
 [ -17.65209779]
 [  49.70452846]
 [  41.79780692]
 [  68.92860381]
 [  45.37719394]
 [  55.59703954]
 [ -11.17921856]
 [  42.39681467]
 [  11.9588285 ]
 [  87.13590511]
 [  59.43952216]
 [  49.12523869]]
Weigths in Iteration 400 :
[[ 114.89164621]
 [   6.73777622]
 [ 107.56818926]
 [ -68.92025404]
 [ 249.54227781]
 [  40.04136719]
 [ -48.94549853]
 [  22.85941568]
 [  58.29637945]
 [ -21.81766266]
 [ -67.95469587]
 [ 162.53317576]
 [-132.77542913]
 [ -73.20642642]
 [-232.92200109]
 [  23.85572727]
 [ -95.89316184]
 [ -53.88440717]
 [ -13.22777695]
 [  44.49994362]
 [  37.08343265]
 [  75.41640228]
 [  46.44547155]
 [  54.90793549]
 [ -11.7739045 ]
 [  38.71081633]
 [  11.65612583]
 [  89.93789125]
 [  56.54781935]
 [  55.08712566]]
Weigths in Iteration 500 :
[[ 119.47235314]
 [   9.0841509 ]
 [ 108.10922296]
 [ -70.60504608]
 [ 251.32061448]
 [  46.86193783]
 [ -51.75515373]
 [  24.15581553]
 [  54.96912412]
 [ -16.95972404]
 [ -70.35207658]
 [ 152.92168123]
 [-133.8230975 ]
 [ -75.86675844]
 [-247.47545322]
 [  20.24675022]
 [ -97.0774623 ]
 [ -50.25841281]
 [  -9.88114314]
 [  39.1176083 ]
 [  31.76310719]
 [  79.91954   ]
 [  46.02875742]
 [  51.56599007]
 [ -13.00686987]
 [  33.90724926]
 [  11.84837212]
 [  90.21097841]
 [  52.49481618]
 [  59.56354475]]
Weigths in Iteration 600 :
[[ 122.53392301]
 [  11.06450674]
 [ 106.97214474]
 [ -71.46725573]
 [ 248.84609126]
 [  52.1152085 ]
 [ -54.12349554]
 [  24.3844311 ]
 [  51.34736634]
 [ -12.23181768]
 [ -71.94047775]
 [ 141.83765907]
 [-133.1129165 ]
 [ -76.15571823]
 [-257.42398008]
 [  16.64590104]
 [ -98.80028842]
 [ -48.48465882]
 [  -9.9070766 ]
 [  35.00586952]
 [  26.08429341]
 [  83.3650401 ]
 [  45.27224189]
 [  47.53085804]
 [ -14.35366498]
 [  28.43218561]
 [  12.55239895]
 [  89.98792135]
 [  47.95641328]
 [  63.09441588]]
Weigths in Iteration 700 :
[[ 128.65147269]
 [  15.71768797]
 [ 107.35852006]
 [ -69.40670065]
 [ 247.42448655]
 [  59.32253358]
 [ -55.04965853]
 [  27.07852557]
 [  49.77282646]
 [  -5.8469781 ]
 [ -71.27881909]
 [ 132.91390993]
 [-129.93558529]
 [ -75.14519714]
 [-265.08033186]
 [  16.13706236]
 [ -98.42729073]
 [ -44.41814133]
 [  -8.02702358]
 [  33.2315868 ]
 [  21.77246262]
 [  87.97357427]
 [  46.4421473 ]
 [  45.96426722]
 [ -13.26749972]
 [  25.92352975]
 [  14.07806032]
 [  92.10883956]
 [  45.44208399]
 [  65.65200559]]
Weigths in Iteration 800 :
[[ 129.2729314 ]
 [  15.85364774]
 [ 105.52755798]
 [ -71.73056648]
 [ 243.83248316]
 [  62.71429353]
 [ -58.58441551]
 [  25.15631103]
 [  44.98097209]
 [  -3.49832821]
 [ -74.71005271]
 [ 123.59931816]
 [-131.30783368]
 [ -74.57934139]
 [-275.26928257]
 [  13.62695545]
 [-101.37400629]
 [ -43.91433141]
 [ -10.03332373]
 [  29.71681088]
 [  15.74161121]
 [  89.70042108]
 [  44.8026419 ]
 [  40.22530497]
 [ -15.555051  ]
 [  20.1361509 ]
 [  14.7350601 ]
 [  90.35183154]
 [  40.27871587]
 [  67.91147195]]
Weigths in Iteration 900 :
[[ 137.41132167]
 [  22.85079154]
 [ 106.00457034]
 [ -66.59178022]
 [ 242.3151025 ]
 [  70.8975433 ]
 [ -57.96006248]
 [  29.79777888]
 [  45.31307295]
 [   4.14335305]
 [ -71.82422788]
 [ 115.92416732]
 [-125.38290606]
 [ -71.06863981]
 [-278.46613993]
 [  16.09763809]
 [ -98.57468547]
 [ -37.94833869]
 [  -7.31932911]
 [  30.47575309]
 [  12.86928334]
 [  94.73089105]
 [  47.42680192]
 [  40.73849324]
 [ -12.52512918]
 [  20.01920634]
 [  17.37358639]
 [  94.24816843]
 [  39.15918848]
 [  70.11409028]]
Weigths in Iteration 1000 :
[[ 137.9575109 ]
 [  22.56782435]
 [ 104.64076395]
 [ -68.39576701]
 [ 238.60895677]
 [  73.60869424]
 [ -60.34550093]
 [  27.76733988]
 [  40.52681189]
 [   5.55906043]
 [ -75.55365858]
 [ 108.20321575]
 [-126.86992322]
 [ -70.8057103 ]
 [-288.34748223]
 [  14.1118006 ]
 [-102.24972969]
 [ -38.01075822]
 [  -9.89456885]
 [  28.33005518]
 [   7.25767583]
 [  96.23525998]
 [  46.22234327]
 [  36.00380693]
 [ -14.01097978]
 [  15.62768992]
 [  17.77302437]
 [  92.53269491]
 [  34.15924198]
 [  71.63135401]]
Entered
{'Accuracy': 0.9126984126984127, 'Precision': 0.9193548387096774, 'Recall': 0.9047619047619048, 'Negative Predictive Value': 0.90625, 'False Positive Rate': 0.07936507936507936, 'False Discovery Rate': 0.08064516129032262, 'F1': 0.912, 'F2': 0.9076433121019108, 'Confusion Matrix': array([[57,  5],
       [ 6, 58]])}