(32, 30)
(32, 1)
Weigths in Iteration 100 :
[[  8.97190796]
 [ -1.63810914]
 [  6.65514834]
 [ -3.04242362]
 [ 23.38062598]
 [  8.73016787]
 [ -7.67243016]
 [  5.00510575]
 [  1.44267462]
 [  0.48778953]
 [ -7.58011436]
 [  8.8869994 ]
 [-14.44196977]
 [ -8.59460904]
 [-23.54604902]
 [  1.68103172]
 [ -4.88162591]
 [  1.14305842]
 [  0.20126155]
 [  2.40138797]
 [ -2.05598366]
 [  6.61209669]
 [  1.30544317]
 [  2.04327896]
 [  0.76945769]
 [  1.51849349]
 [ -0.57676385]
 [  5.53449394]
 [  5.23308411]
 [  7.9803966 ]]
Weigths in Iteration 200 :
[[ 11.3811423 ]
 [ -1.2957478 ]
 [  7.38765995]
 [ -1.31277917]
 [ 24.42142396]
 [ 11.932729  ]
 [ -6.93317995]
 [  6.74648205]
 [ -0.80330364]
 [  1.12098957]
 [ -9.12468876]
 [  5.17921049]
 [-14.06911656]
 [ -9.16030822]
 [-27.33810502]
 [  0.69350929]
 [ -5.88486038]
 [  0.76279989]
 [ -1.43579043]
 [  3.80100269]
 [ -4.86417225]
 [  7.8069704 ]
 [  1.99158494]
 [  2.2732074 ]
 [  0.66496587]
 [  0.96834432]
 [ -0.7914647 ]
 [  5.60866597]
 [  4.72053394]
 [  9.21915666]]
Weigths in Iteration 300 :
[[ 13.27931419]
 [ -0.15863476]
 [  8.10802838]
 [ -0.14066045]
 [ 24.05013633]
 [ 14.13689494]
 [ -6.71695981]
 [  7.63916804]
 [ -2.82483771]
 [  1.22911957]
 [-11.07828943]
 [  3.49823878]
 [-13.69552896]
 [ -8.94130402]
 [-30.02321449]
 [  0.08236078]
 [ -6.40670206]
 [  0.44184765]
 [ -2.22297315]
 [  4.17408677]
 [ -6.20482527]
 [  8.44839953]
 [  2.6364504 ]
 [  2.31830102]
 [  0.70248984]
 [  0.74512696]
 [ -1.03735523]
 [  5.76473682]
 [  4.32351683]
 [  9.86216966]]
Weigths in Iteration 400 :
[[ 14.95140345]
 [  0.96526224]
 [  8.60943215]
 [  0.8276046 ]
 [ 23.56147328]
 [ 15.85056349]
 [ -6.64877251]
 [  8.15728579]
 [ -4.7001399 ]
 [  1.1154263 ]
 [-12.89757163]
 [  2.66893978]
 [-13.49038793]
 [ -8.79112393]
 [-32.03776489]
 [ -0.31021984]
 [ -6.60827486]
 [  0.11140328]
 [ -2.62589552]
 [  4.22547674]
 [ -7.10703942]
 [  8.87380137]
 [  3.28981394]
 [  2.34401046]
 [  0.72951016]
 [  0.50929368]
 [ -1.09571965]
 [  6.07405794]
 [  3.89633323]
 [ 10.45293607]]
Weigths in Iteration 500 :
[[ 16.46178667]
 [  1.9936846 ]
 [  8.96273411]
 [  1.67873827]
 [ 23.14684986]
 [ 17.23429099]
 [ -6.65759647]
 [  8.46008239]
 [ -6.4633792 ]
 [  0.90443995]
 [-14.50135218]
 [  2.18614862]
 [-13.40790855]
 [ -8.68126434]
 [-33.58112139]
 [ -0.5924406 ]
 [ -6.67283145]
 [ -0.2594598 ]
 [ -2.85102719]
 [  4.19494302]
 [ -7.83507357]
 [  9.19318763]
 [  3.89424738]
 [  2.37949633]
 [  0.73296046]
 [  0.26561931]
 [ -1.07226179]
 [  6.46369371]
 [  3.53002753]
 [ 11.01624581]]
Weigths in Iteration 600 :
[[ 17.89209279]
 [  2.8427699 ]
 [  9.32673974]
 [  2.33619882]
 [ 22.8650583 ]
 [ 18.30045084]
 [ -6.75322898]
 [  8.60661233]
 [ -8.01843492]
 [  0.65824632]
 [-15.8970321 ]
 [  1.89608195]
 [-13.38800011]
 [ -8.58788285]
 [-34.76789345]
 [ -0.81700764]
 [ -6.69803164]
 [ -0.68621047]
 [ -3.01834304]
 [  4.1516797 ]
 [ -8.44475387]
 [  9.49205521]
 [  4.40345955]
 [  2.43365158]
 [  0.73262315]
 [  0.09373361]
 [ -1.0081313 ]
 [  6.92734723]
 [  3.28815923]
 [ 11.55336323]]
Weigths in Iteration 700 :
[[ 19.33869058]
 [  3.4033529 ]
 [  9.86932015]
 [  2.69031139]
 [ 22.74034633]
 [ 19.01692619]
 [ -6.93129186]
 [  8.61187855]
 [ -9.21040015]
 [  0.43944118]
 [-17.07695032]
 [  1.74157034]
 [-13.37130059]
 [ -8.53301813]
 [-35.63396958]
 [ -1.01248844]
 [ -6.73823713]
 [ -1.21386723]
 [ -3.22428608]
 [  4.10262653]
 [ -8.95645328]
 [  9.85490909]
 [  4.78115339]
 [  2.49044365]
 [  0.73843921]
 [  0.04666784]
 [ -0.90697364]
 [  7.46721753]
 [  3.20833212]
 [ 12.06998947]]
Weigths in Iteration 800 :
[[ 20.75765347]
 [  3.81839037]
 [ 10.45355425]
 [  2.90551032]
 [ 22.66592519]
 [ 19.53463909]
 [ -7.09820777]
 [  8.54069667]
 [-10.16163915]
 [  0.26726621]
 [-18.06322997]
 [  1.62650572]
 [-13.34850835]
 [ -8.5215615 ]
 [-36.27596575]
 [ -1.16855063]
 [ -6.78838627]
 [ -1.8138896 ]
 [ -3.43260899]
 [  4.04194584]
 [ -9.46261257]
 [ 10.25603551]
 [  5.02983362]
 [  2.53177047]
 [  0.7379268 ]
 [  0.03648046]
 [ -0.79975958]
 [  7.96163043]
 [  3.20783974]
 [ 12.56023048]]
Weigths in Iteration 900 :
[[ 2.21098566e+01]
 [ 4.18668250e+00]
 [ 1.09895080e+01]
 [ 3.08253944e+00]
 [ 2.26027027e+01]
 [ 1.99539691e+01]
 [-7.23273793e+00]
 [ 8.42777583e+00]
 [-1.09884222e+01]
 [ 1.13365473e-01]
 [-1.89130401e+01]
 [ 1.52785364e+00]
 [-1.33344233e+01]
 [-8.51711343e+00]
 [-3.67907847e+01]
 [-1.28357789e+00]
 [-6.83997860e+00]
 [-2.43473581e+00]
 [-3.59694059e+00]
 [ 3.98790835e+00]
 [-9.98368023e+00]
 [ 1.06597943e+01]
 [ 5.17622185e+00]
 [ 2.56732949e+00]
 [ 7.32861732e-01]
 [ 2.77014560e-02]
 [-7.07923670e-01]
 [ 8.37389585e+00]
 [ 3.23835885e+00]
 [ 1.30172930e+01]]
Weigths in Iteration 1000 :
[[ 2.33933791e+01]
 [ 4.53166007e+00]
 [ 1.14682594e+01]
 [ 3.24363574e+00]
 [ 2.25488422e+01]
 [ 2.03099699e+01]
 [-7.34358552e+00]
 [ 8.28452274e+00]
 [-1.17314799e+01]
 [-4.07518809e-02]
 [-1.96640132e+01]
 [ 1.44741280e+00]
 [-1.33320584e+01]
 [-8.51066453e+00]
 [-3.72243745e+01]
 [-1.36771230e+00]
 [-6.89441532e+00]
 [-3.04926662e+00]
 [-3.71501247e+00]
 [ 3.94640938e+00]
 [-1.05087395e+01]
 [ 1.10561464e+01]
 [ 5.24661164e+00]
 [ 2.60673724e+00]
 [ 7.25298233e-01]
 [ 1.77777812e-02]
 [-6.30200276e-01]
 [ 8.71950942e+00]
 [ 3.28931448e+00]
 [ 1.34425903e+01]]
Entered
{'Accuracy': 0.8888888888888888, 'Precision': 1.0, 'Recall': 0.7777777777777778, 'Negative Predictive Value': 0.8181818181818182, 'False Positive Rate': 0.0, 'False Discovery Rate': 0.0, 'F1': 0.8750000000000001, 'F2': 0.813953488372093, 'Confusion Matrix': array([[49,  0],
       [14, 63]])}