Weigths in Iteration 100 :
[[  6.32719925]
 [ -0.20025326]
 [  4.79880543]
 [ -1.99997403]
 [ 16.06620715]
 [  5.00707106]
 [ -3.33638739]
 [  2.25896108]
 [ -1.39335994]
 [  1.08701313]
 [ -3.18235205]
 [  3.88710286]
 [ -6.96507574]
 [ -5.1894906 ]
 [-14.71269392]
 [  1.17077232]
 [ -4.42722664]
 [ -0.16677007]
 [  0.73501505]
 [  1.43488286]
 [ -1.51921097]
 [  4.99712859]
 [  3.02406101]
 [ -0.16582013]
 [ -0.56715084]
 [  0.92760924]
 [  0.14259336]
 [  2.77660586]
 [  1.26900419]
 [  5.5570987 ]]
Weigths in Iteration 200 :
[[  8.78938343]
 [  0.94330267]
 [  5.81028968]
 [ -1.7192061 ]
 [ 17.23811296]
 [  7.41887652]
 [ -3.74801261]
 [  3.01523135]
 [ -3.84086391]
 [  1.35237665]
 [ -4.31415142]
 [  2.32685291]
 [ -7.17420461]
 [ -5.38987896]
 [-18.38337404]
 [  1.07411586]
 [ -5.28623171]
 [ -0.57598114]
 [ -0.32303926]
 [  1.76398982]
 [ -3.40218274]
 [  6.83260946]
 [  4.73862928]
 [ -1.06720169]
 [ -0.53141155]
 [  0.94060802]
 [  0.33625431]
 [  3.06187447]
 [  1.25157874]
 [  7.11358779]]
Weigths in Iteration 300 :
[[ 10.61339779]
 [  2.17197644]
 [  6.40814719]
 [ -1.38333857]
 [ 17.42666483]
 [  9.07917583]
 [ -3.86856099]
 [  3.36526055]
 [ -6.00430846]
 [  1.01298316]
 [ -5.49959558]
 [  1.44779862]
 [ -7.18231985]
 [ -5.42969998]
 [-20.58004185]
 [  0.97451933]
 [ -5.48025895]
 [ -1.04835516]
 [ -1.07420436]
 [  1.89301109]
 [ -4.59584723]
 [  8.10256379]
 [  5.92336591]
 [ -1.50765184]
 [ -0.45656567]
 [  0.91212998]
 [  0.42433577]
 [  3.22616351]
 [  1.26348368]
 [  8.07473383]]
Weigths in Iteration 400 :
[[ 12.18689149]
 [  3.16267115]
 [  6.86528052]
 [ -1.1248451 ]
 [ 17.48101622]
 [ 10.27925274]
 [ -3.97419707]
 [  3.45164889]
 [ -7.80177127]
 [  0.52059897]
 [ -6.64504183]
 [  0.96920942]
 [ -7.21380456]
 [ -5.44199334]
 [-22.00433751]
 [  0.88040342]
 [ -5.46398237]
 [ -1.49049507]
 [ -1.60684074]
 [  1.98470918]
 [ -5.4307794 ]
 [  9.14704153]
 [  6.74013782]
 [ -1.71825384]
 [ -0.39802988]
 [  0.90348642]
 [  0.49429915]
 [  3.41949227]
 [  1.3151829 ]
 [  8.77544914]]
Weigths in Iteration 500 :
[[ 13.68366493]
 [  3.80298189]
 [  7.34613265]
 [ -1.03147367]
 [ 17.57275259]
 [ 11.10005926]
 [ -4.10122029]
 [  3.34153113]
 [ -9.17015662]
 [  0.0649976 ]
 [ -7.68830056]
 [  0.71934689]
 [ -7.25969254]
 [ -5.46380353]
 [-22.93652834]
 [  0.78474282]
 [ -5.40420286]
 [ -1.92246287]
 [ -2.04179141]
 [  2.05498421]
 [ -6.05822112]
 [ 10.10351381]
 [  7.29006094]
 [ -1.80244155]
 [ -0.36012336]
 [  0.95913909]
 [  0.56978055]
 [  3.66331146]
 [  1.42510108]
 [  9.33351097]]
Weigths in Iteration 600 :
[[ 15.10611773]
 [  4.24430489]
 [  7.77948936]
 [ -0.98238592]
 [ 17.65681812]
 [ 11.7059669 ]
 [ -4.20209553]
 [  3.11968398]
 [-10.25422664]
 [ -0.3145505 ]
 [ -8.62015393]
 [  0.56428012]
 [ -7.31202384]
 [ -5.49337474]
 [-23.57153252]
 [  0.69799813]
 [ -5.34546721]
 [ -2.33683982]
 [ -2.39014366]
 [  2.10210974]
 [ -6.58807992]
 [ 10.97808708]
 [  7.65164591]
 [ -1.82258767]
 [ -0.33714297]
 [  1.01721414]
 [  0.64212952]
 [  3.86745346]
 [  1.5443532 ]
 [  9.79166295]]
Weigths in Iteration 700 :
[[ 16.44816496]
 [  4.59386611]
 [  8.13326214]
 [ -0.92050289]
 [ 17.7197621 ]
 [ 12.19021353]
 [ -4.27436519]
 [  2.83659569]
 [-11.16315089]
 [ -0.63792699]
 [ -9.46231127]
 [  0.45794062]
 [ -7.37310317]
 [ -5.516243  ]
 [-24.02987246]
 [  0.6284673 ]
 [ -5.30337124]
 [ -2.7266233 ]
 [ -2.65691658]
 [  2.13724184]
 [ -7.05992955]
 [ 11.76710029]
 [  7.88554904]
 [ -1.80259234]
 [ -0.32207854]
 [  1.0621318 ]
 [  0.70216935]
 [  4.00705925]
 [  1.65359086]
 [ 10.17337995]]
Weigths in Iteration 800 :
[[ 17.71946388]
 [  4.89132007]
 [  8.41830817]
 [ -0.84216286]
 [ 17.76817006]
 [ 12.59149852]
 [ -4.3276167 ]
 [  2.51693664]
 [-11.94769621]
 [ -0.92204948]
 [-10.2309553 ]
 [  0.38513153]
 [ -7.44144956]
 [ -5.53119814]
 [-24.37598901]
 [  0.57457705]
 [ -5.28307209]
 [ -3.09122884]
 [ -2.85981984]
 [  2.1663725 ]
 [ -7.48821815]
 [ 12.47981698]
 [  8.03287335]
 [ -1.75324875]
 [ -0.31231289]
 [  1.09553917]
 [  0.74993224]
 [  4.094871  ]
 [  1.75233361]
 [ 10.49822596]]
Weigths in Iteration 900 :
[[ 18.93052836]
 [  5.15463619]
 [  8.65004501]
 [ -0.75244162]
 [ 17.80669696]
 [ 12.93128712]
 [ -4.3679727 ]
 [  2.17499238]
 [-12.63883164]
 [ -1.17704593]
 [-10.93629769]
 [  0.33637029]
 [ -7.51455169]
 [ -5.53990227]
 [-24.64778803]
 [  0.53301234]
 [ -5.28397264]
 [ -3.4320893 ]
 [ -3.01544104]
 [  2.19186849]
 [ -7.88222419]
 [ 13.12718007]
 [  8.12091824]
 [ -1.68141124]
 [ -0.30646042]
 [  1.11869895]
 [  0.78747464]
 [  4.1458712 ]
 [  1.84179137]
 [ 10.78048957]]
Weigths in Iteration 1000 :
[[ 20.08994611]
 [  5.39389724]
 [  8.84145433]
 [ -0.6564239 ]
 [ 17.83772283]
 [ 13.22380112]
 [ -4.39913491]
 [  1.81958502]
 [-13.25861842]
 [ -1.40934405]
 [-11.58561016]
 [  0.30488626]
 [ -7.59038706]
 [ -5.54392317]
 [-24.86942413]
 [  0.50087519]
 [ -5.30321905]
 [ -3.75128105]
 [ -3.13630828]
 [  2.21488718]
 [ -8.24841141]
 [ 13.7188367 ]
 [  8.16801604]
 [ -1.59215172]
 [ -0.30351133]
 [  1.13259596]
 [  0.81677775]
 [  4.17155002]
 [  1.92299997]
 [ 11.03031123]]
Entered
{'Accuracy': 0.9047619047619048, 'Precision': 0.9322033898305084, 'Recall': 0.873015873015873, 'Negative Predictive Value': 0.8805970149253731, 'False Positive Rate': 0.06349206349206349, 'False Discovery Rate': 0.06779661016949157, 'F1': 0.9016393442622951, 'F2': 0.8842443729903539, 'Confusion Matrix': array([[55,  4],
       [ 8, 59]])}